9.129776552799805378e-01
5.254303962646227344e-01
5.391208914504298511e-01
2.135412689611241310e-01
3.044503362650717859e-01
9.215353825423368006e-01
7.418917658256085623e-03
4.227258917388518888e-01
8.391556782894926680e-02
2.274446282584728918e-01
8.535154936982325413e-01
9.610377695459816350e-01
6.395695928620988013e-01
1.129563504505268767e-01
4.812686065746647479e-01
8.437161789300876569e-01
9.284417664902526734e-01
8.301849114411234964e-01
7.606869006686494128e-01
1.488921239785451212e-01
9.978931476513852594e-03
3.946689459218118978e-01
6.923460544355238833e-01
3.588336901137911816e-01
7.453096586751273289e-01
8.709187465658846383e-01
4.084825559631071190e-01
9.260074590603802891e-01
2.672765206701539498e-01
5.795871807359360695e-01
7.854356038840686338e-01
7.187111173255322782e-02
2.754415438049302445e-01
2.007020319979763157e-01
2.643124970543531127e-03
3.086111261607680234e-01
2.526254736182242944e-02
1.710966243695234423e-01
6.365379952993213131e-01
2.706740953933240990e-01
9.148169844529334682e-01
7.122790674653292076e-01
4.596826277910439629e-01
8.440239013572026217e-01
6.928897547732028039e-01
4.224205865646872837e-01
4.708321394812263749e-01
3.475988331257259256e-01
2.518017531958520738e-01
2.059290398893127705e-01
