0.000000000000000000e+00
2.026679365482009498e-01
3.969241489249223376e-01
5.747060412161791865e-01
7.286347834693504000e-01
8.523215697196183660e-01
9.406327851124867134e-01
9.899030763721239357e-01
9.980874821347183179e-01
9.648463089837632234e-01
8.915592304110037114e-01
7.812680235262637884e-01
6.385503202266020750e-01
4.693296127772009774e-01
2.806293995143568365e-01
8.028167484281349686e-02
-1.233981373621787087e-01
-3.219563150726186818e-01
-5.071517094845143792e-01
-6.712977935519320871e-01
-8.075816909683364297e-01
-9.103469443107826686e-01
-9.753282860670455801e-01
-9.998286683840895694e-01
-9.828312039256306143e-01
-9.250413717382028889e-01
-8.288577363730427194e-01
-6.982723955653995507e-01
-5.387052883861562780e-01
-3.567792408989380881e-01
-1.600450860432505729e-01
4.333173336868346298e-02
2.449100710119793134e-01
4.363234264718193200e-01
6.096271964908323016e-01
7.576284153927201892e-01
8.741842988197334741e-01
9.544571997387518714e-01
9.951153947776636421e-01
9.944713672636168456e-01
9.525518475314603828e-01
8.710967034823207111e-01
7.534867274396376269e-01
6.046033165061542869e-01
4.306258703827373080e-01
2.387753156440308722e-01
3.701440148506236760e-02
-1.662827938487564106e-01
-3.626784288265488265e-01
-5.440211108893697745e-01
